id,size,algorithm,status
0,1024,B3-KDF-S512,ok
1,1024,B3-KDF-S512,ok
2,1024,B3-KDF-S512,ok
3,1024,B3-KDF-S512,ok
4,1024,B3-KDF-S512,ok
5,1024,B3-KDF-S512,ok
6,1024,B3-KDF-S512,ok
7,1024,B3-KDF-S512,ok
8,1024,B3-KDF-S512,ok
9,1024,B3-KDF-S512,ok
10,1024,B3-KDF-S512,ok
11,1024,B3-KDF-S512,ok
12,1024,B3-KDF-S512,ok
13,1024,B3-KDF-S512,ok
14,1024,B3-KDF-S512,ok
15,1024,B3-KDF-S512,ok
id,size,algorithm,status
0,1024,B3-KDF-S512,ok
1,1024,B3-KDF-S512,ok
2,1024,B3-KDF-S512,ok
3,1024,B3-KDF-S512,ok
4,1024,B3-KDF-S512,ok
5,1024,B3-KDF-S512,ok
6,1024,B3-KDF-S512,ok
7,1024,B3-KDF-S512,ok
8,1024,B3-KDF-S512,ok
9,1024,B3-KDF-S512,ok
10,1024,B3-KDF-S512,ok
11,1024,B3-KDF-S512,ok
12,1024,B3-KDF-S512,ok
13,1024,B3-KDF-S512,ok
14,1024,B3-KDF-S512,ok
15,1024,B3-KDF-S512,ok
id,size,algorithm,status
0,1024,B3-KDF-S512,ok
1,1024,B3-KDF-S512,ok
2,1024,B3-KDF-S512,ok
3,1024,B3-KDF-S512,ok
4,1024,B3-KDF-S512,ok
5,1024,B3-KDF-S512,ok
6,1024,B3-KDF-S512,ok
7,1024,B3-KDF-S512,ok
8,1024,B3-KDF-S512,ok
9,1024,B3-KDF-S512,ok
10,1024,B3-KD